linear_hash (20) | N = 10000, ellipsoid (4.0, 1.0, 0.25)

500     7.61129 ms/step 11201.1
1000    7.58628 ms/step 11029.2
1500    7.59363 ms/step 10994.5
2000    7.57488 ms/step 11042.5
2500    7.58303 ms/step 11006.2
3000    7.5768 ms/step  11154.1
3500    7.5708 ms/step  11107.5
4000    7.58139 ms/step 11032.3
4500    7.57788 ms/step 11135.6
5000    7.57504 ms/step 11182.6

linear_hash (10) | N = 10000, ellipsoid (4.0, 1.0, 0.25)

500     6.46359 ms/step 11107
1000    6.40881 ms/step 11081.9
1500    6.41151 ms/step 10994.9
2000    6.42109 ms/step 11176.1
2500    6.41604 ms/step 11058.7
3000    6.41038 ms/step 11092.1
3500    6.41473 ms/step 11065.5
4000    6.42432 ms/step 11314.9
4500    6.43085 ms/step 11119.3
5000    6.40882 ms/step 11162.3

linear_hash (8) | N = 10000, ellipsoid (4.0, 1.0, 0.25)

500     5.8411 ms/step  10982.4
1000    5.81512 ms/step 11076.7
1500    5.78611 ms/step 11052.4
2000    5.7861 ms/step  11161
2500    5.7858 ms/step  11015.7
3000    5.78004 ms/step 11041.1
3500    5.77774 ms/step 11152.5
4000    5.78661 ms/step 11058.3
4500    5.7788 ms/step  11101.3
5000    5.79911 ms/step 11210

linear_hash (5) | N = 10000, ellipsoid (4.0, 1.0, 0.25)

500     5.78523 ms/step 11131.3
1000    5.71099 ms/step 11041.8
1500    5.70563 ms/step 11045.3
2000    5.71179 ms/step 11105.9
2500    5.73111 ms/step 11055.6
3000    5.70331 ms/step 11117.7
3500    5.70856 ms/step 11054.9
4000    5.7236 ms/step  11197.9
4500    5.71403 ms/step 11040.2
5000    5.70765 ms/step 10963.3

linear_hash (1) | N = 10000, ellipsoid (4.0, 1.0, 0.25)

500     8.89251 ms/step 11105.2
1000    8.90075 ms/step 11042.1
1500    8.88982 ms/step 11089.9
2000    8.90178 ms/step 11163.6
2500    8.91336 ms/step 10965.1
3000    8.92688 ms/step 11143.4
3500    8.87159 ms/step 11113.5
4000    8.86538 ms/step 11153.4
4500    8.8723 ms/step  11141.1
5000    8.87751 ms/step 11013.9
